amicable:220 284 1184 1210 2620 2924 5020 5564 6232 6368
aspiring:25 95 119 143 417 445 565 608 650 652 675 685 783 790 909 913 1177 1235 1294 1441 1443 1574 1595 1633 1715 1717 1778 2162 2173 2195 2225 2387 2541 2581 2582 2725 2863 3142 3277 3311 3337 3528 3575 3693 3888 3899 3999 4141 4317 4535 4717 4739 4763 4775 4897 5158 5243 5603 5605 5855 6099 6123 6145 6663 6672 7025 7149 7227 7396 7403 7527 7543 7587 7856 7885 7923 8135 8470 8477 8545 8593 8785 9035 9299 9653 9683 9699 9921 9997
cake:2 4 8 15 26 42 64 93 130 176 232 299 378 470 576 697 834 988 1160 1351 1562 1794 2048 2325 2626 2952 3304 3683 4090 4526 4992 5489 6018 6580 7176 7807 8474 9178 9920
Carmichael:561 1105 1729 2465 
Catalan:1 2 5 14 42 132 429 1430 4862
compositorial:4 24 192 1728
cube:1 8 27 64 125 216 343 512 729 1000 1331 1728 2197 2744 3375 4096 4913 5832 6859 8000 9261
curious:1 5 6 25 76 376 625 9376
factorial:1 2 6 24 120 720 5040
Fibonacci:1 2 3 5 8 13 21 34 55 89 144 233 377 610 987 1597 2584 4181 6765
Google:2 71 271 4523
hungry:5 17 74 144 2003
Mersenne:3 7 31 127 2047 8191
narcissistic:1 2 3 4 5 6 7 8 9 153 370 371 407 1634 8208 9474
palindromic prime:2 3 5 7 11 101 131 151 181 191 313 353 373 383 727 757 787 797 919 929
pentagonal:1 5 12 22 35 51 70 92 117 145 176 210 247 287 330 376 425 477 532 590 651 715 782 852 925 1001 1080 1162 1247 1335 1426 1520 1617 1717 1820 1926 2035 2147 2262 2380 2501 2625 2752 2882 3015 3151 3290 3432 3577 3725 3876 4030 4187 4347 4510 4676 4845 5017 5192 5370 5551 5735 5922 6112 6305 6501 6700 6902 7107 7315 7526 7740 7957 8177 8400 8626 8855 9087 9322 9560 9801
perfect:6 28 496 8128
power of 2:1 2 4 8 16 32 64 128 256 512 1024 2048 4096 8192
primorial:2 6 30 210 2310
pronic:2 6 12 20 30 42 56 72 90 110 132 156 182 210 240 272 306 342 380 420 462 506 552 600 650 702 756 812 870 930 992 1056 1122 1190 1260 1332 1406 1482 1560 1640 1722 1806 1892 1980 2070 2162 2256 2352 2450 2550 2652 2756 2862 2970 3080 3192 3306 3422 3540 3660 3782 3906 4032 4160 4290 4422 4556 4692 4830 4970 5112 5256 5402 5550 5700 5852 6006 6162 6320 6480 6642 6806 6972 7140 7310 7482 7656 7832 8010 8190 8372 8556 8742 8930 9120 9312 9506 9702 9900
repunit:1 11 111 1111
square:1 4 9 16 25 36 49 64 81 100 121 144 169 196 225 256 289 324 361 400 441 484 529 576 625 676 729 784 841 900 961 1024 1089 1156 1225 1296 1369 1444 1521 1600 1681 1764 1849 1936 2025 2116 2209 2304 2401 2500 2601 2704 2809 2916 3025 3136 3249 3364 3481 3600 3721 3844 3969 4096 4225 4356 4489 4624 4761 4900 5041 5184 5329 5476 5625 5776 5929 6084 6241 6400 6561 6724 6889 7056 7225 7396 7569 7744 7921 8100 8281 8464 8649 8836 9025 9216 9409 9604 9801
tetrahedral:1 4 10 20 35 56 84 120 165 220 286 364 455 560 680 816 969 1140 1330 1540 1771 2024 2300 2600 2925 3276 3654 4060 4495 4960 5456 5984 6545 7140 7770 8436 9139 9880 10660 11480 12341 13244 14190 15180 16215 17296 18424 19600 20825 22100 23426 24804 26235 27720 29260 30856 32509 34220 35990 37820 39711 41664 43680 45760 47905 50116 52394 54740 57155 59640 62196 64824 67525 70300 73150 76076 79079 82160 85320 88560 91881 95284 98770
vampire:126 153 688 1206 1255 1260 1395 1435 1503 1530 1827 2187 3159 3784 6880
weird:70 836 4030 5830 7192 7912 9272
